1 0 0 0 0 0 0 0 0  1  1 0 0  1  2  1 0  1  1  76
0 1 0 0 0 0 0 0 0 -1  0 0 0 -1 -1  0 0  0  0  0
0 0 1 0 0 0 0 0 0  0 -1 0 0  0 -1 -1 0 -1 -1 -38
0 0 0 1 0 0 0 0 0 -1 -1 0 0  0 -1  0 0  0  0  0
0 0 0 0 1 0 0 0 0  0 -1 0 0 -1 -1 -1 0 -1  0 -38
0 0 0 0 0 1 0 0 0  1  1 0 0  1  1  1 0  0  0  38
0 0 0 0 0 0 1 0 0  0  1 0 0  0  1  0 0  1  0  38
0 0 0 0 0 0 0 1 0  0  0 0 0 -1 -1 -1 0 -1 -1 -38
0 0 0 0 0 0 0 0 1  1  1 0 0  1  1  0 0  1  0  38
0 0 0 0 0 0 0 0 0  0  0 0 0  0  0  0 0  0  0  0
0 0 0 0 0 0 0 0 0  0  0 0 0  0  0  0 0  0  0  0
0 0 0 0 0 0 0 0 0  0  0 1 0  0  0  1 0  0  1  38
0 0 0 0 0 0 0 0 0  0  0 0 1  1  1  1 0  0  0  38
0 0 0 0 0 0 0 0 0  0  0 0 0  0  0  0 0  0  0   0
0 0 0 0 0 0 0 0 0  0  0 0 0  0  0  0 0  0  0   0
0 0 0 0 0 0 0 0 0  0  0 0 0  0  0  0 0  0  0   0
0 0 0 0 0 0 0 0 0  0  0 0 0  0  0  0 1  1  1   38
0 0 0 0 0 0 0 0 0  0  0 0 0  0  0  0 0  0  0   0
0 0 0 0 0 0 0 0 0  0  0 0 0  0  0  0 0  0  0   0